Classification Report - Logistic Regression
============================================================

              precision    recall  f1-score   support

           0       0.67      0.08      0.14        51
           1       0.78      0.88      0.82         8
           2       0.00      0.00      0.00         6
           3       0.50      0.83      0.62         6
           4       0.14      0.17      0.15         6
           5       0.12      0.33      0.18         6
           6       0.00      0.00      0.00         7
           7       0.05      0.20      0.08         5
           8       0.10      0.20      0.13         5

    accuracy                           0.21       100
   macro avg       0.26      0.30      0.24       100
weighted avg       0.46      0.21      0.21       100
