Classification Report - Random Forest
============================================================

              precision    recall  f1-score   support

           0       0.57      0.98      0.72        51
           1       0.89      1.00      0.94         8
           2       0.00      0.00      0.00         6
           3       1.00      0.67      0.80         6
           4       0.00      0.00      0.00         6
           5       0.00      0.00      0.00         6
           6       0.00      0.00      0.00         7
           7       0.00      0.00      0.00         5
           8       0.00      0.00      0.00         5

    accuracy                           0.62       100
   macro avg       0.27      0.29      0.27       100
weighted avg       0.42      0.62      0.49       100
