Classification Report - XGBoost
============================================================

              precision    recall  f1-score   support

           0       0.58      0.92      0.71        51
           1       0.89      1.00      0.94         8
           2       0.00      0.00      0.00         6
           3       0.80      0.67      0.73         6
           4       0.00      0.00      0.00         6
           5       0.00      0.00      0.00         6
           6       0.00      0.00      0.00         7
           7       0.00      0.00      0.00         5
           8       0.00      0.00      0.00         5

    accuracy                           0.59       100
   macro avg       0.25      0.29      0.26       100
weighted avg       0.42      0.59      0.48       100
